camera mat
[1617.661104580925, 0, 1292.632979889466;
 0, 1618.059459132493, 1025.375079964477;
 0, 0, 1]

 Camera Matrix
[1617.6623409338767, 0, 1292.6307067476441
0, 1618.060233046699, 1025.375291055397
0, 0, 1
]

homography mat
[3.810368197075646, 0.7074517809769115, -1192.069412839698;
 0.5672097426653739, 3.312436352181778, -1643.107234274779;
 0.0002974938776725871, 0.0002345525843054733, 1]
 Homography Matrix
[5.835309454290982, 0.8688785651059274, -4078.1210398049257
0.8675881490326327, 4.047028398454894, -3207.7797459936296
0.000455128862107046, 0.0002877087035156937, 1
]

distortion mat
[-0.3501483239133186;
 0.1347879695618426;
 -0.0005882241856039383;
 0.0003126343425779245;
 -0.02786306857359306]